1.274370698115170626e+03
1.271535950858992692e+03
1.271535950858992692e+03
1.271535950858992692e+03
1.268854527941005472e+03
1.268854527941005472e+03
1.268854527941005472e+03
1.268854527941005472e+03
1.268854527941005472e+03
1.268854527941005472e+03
1.269582836458962674e+03
1.269582836458962674e+03
1.269582836458962674e+03
1.254803306272462123e+03
1.254554209688673836e+03
1.251673685989725527e+03
1.251673685989725527e+03
1.240386050112672820e+03
1.237822662741361228e+03
1.237822662741361228e+03
1.237822662741361228e+03
1.237822662741361228e+03
1.237822662741361228e+03
1.237822662741361228e+03
1.237822662741361228e+03
1.237822662741361228e+03
1.237822662741361228e+03
1.237822662741361228e+03
1.237822662741361228e+03
1.235705463824079288e+03
1.235705463824079288e+03
1.235705463824079288e+03
1.235705463824079288e+03
1.234984456485586179e+03
1.235521487650559948e+03
1.235521487650559948e+03
1.235521487650559948e+03
1.235521487650559948e+03
1.235521487650559948e+03
1.235521487650559948e+03
1.235521487650559948e+03
1.235521487650559948e+03
1.235521487650559948e+03
1.232556705468778318e+03
1.232556705468778318e+03
1.232556705468778318e+03
1.232556705468778318e+03
1.235128331620833251e+03
1.235128331620833251e+03
1.235128331620833251e+03
1.235128331620833251e+03
1.235128331620833251e+03
1.236516127169008996e+03
1.236516127169008996e+03
1.235473388833529043e+03
1.236342010370209209e+03
1.236342010370209209e+03
1.236342010370209209e+03
1.231627967330538240e+03
1.231627967330538240e+03
1.230941716909952447e+03
1.230941716909952447e+03
1.230941716909952447e+03
1.228368584089349270e+03
1.229885168938966217e+03
1.229890093220415793e+03
1.229403033294783199e+03
1.229403033294783199e+03
1.229403033294783199e+03
1.229403033294783199e+03
1.229403033294783199e+03
1.234272566424076558e+03
1.234272566424076558e+03
1.234272566424076558e+03
1.230590436352681763e+03
1.230590436352681763e+03
1.230590436352681763e+03
1.230590436352681763e+03
1.230590436352681763e+03
1.230590436352681763e+03
1.230590436352681763e+03
1.230590436352681763e+03
1.230590436352681763e+03
1.231243019133620692e+03
1.231243019133620692e+03
1.231243019133620692e+03
1.230890868390640662e+03
1.231661603038446628e+03
1.231445125351838897e+03
1.231445125351838897e+03
1.231445125351838897e+03
1.231445125351838897e+03
1.231445125351838897e+03
1.231445125351838897e+03
1.231445125351838897e+03
1.234746103810549357e+03
1.234746103810549357e+03
1.234746103810549357e+03
1.234746103810549357e+03
1.234746103810549357e+03
1.234746103810549357e+03
1.234746103810549357e+03
1.234746103810549357e+03
1.234959894537622176e+03
1.234959894537622176e+03
1.234959894537622176e+03
1.234959894537622176e+03
1.234959894537622176e+03
1.234959894537622176e+03
1.234959894537622176e+03
1.234959894537622176e+03
1.234959894537622176e+03
1.234959894537622176e+03
1.235164556237203669e+03
1.234076141835563249e+03
1.234076141835563249e+03
1.234076141835563249e+03
1.234076141835563249e+03
1.234076141835563249e+03
1.234076141835563249e+03
1.234076141835563249e+03
1.234076141835563249e+03
1.233784212426162412e+03
1.233784212426162412e+03
1.230607593819655676e+03
1.230607593819655676e+03
1.230607593819655676e+03
1.230607593819655676e+03
1.230607593819655676e+03
1.230607593819655676e+03
1.230607593819655676e+03
1.230607593819655676e+03
1.230607593819655676e+03
1.230681991397171714e+03
1.229940403174406583e+03
1.229940403174406583e+03
1.229940403174406583e+03
1.230335181650528739e+03
1.230335181650528739e+03
1.230335181650528739e+03
1.230335181650528739e+03
1.230335181650528739e+03
1.232041316018360249e+03
1.230723465883282188e+03
1.230723465883282188e+03
1.230723465883282188e+03
1.229837987653219898e+03
1.229837987653219898e+03
1.229417704353440513e+03
1.229417704353440513e+03
1.229417704353440513e+03
1.229417704353440513e+03
1.229417704353440513e+03
1.229417704353440513e+03
1.229417704353440513e+03
1.229417704353440513e+03
1.229417704353440513e+03
1.229417704353440513e+03
1.229417704353440513e+03
1.229417704353440513e+03
1.229417704353440513e+03
1.229417704353440513e+03
1.229417704353440513e+03
1.229417704353440513e+03
1.229417704353440513e+03
1.229417704353440513e+03
1.229417704353440513e+03
1.230486577653970471e+03
1.230486577653970471e+03
1.230486577653970471e+03
1.230486577653970471e+03
1.230486577653970471e+03
1.230486577653970471e+03
1.230486577653970471e+03
1.230486577653970471e+03
1.230486577653970471e+03
1.230486577653970471e+03
1.230486577653970471e+03
1.230486577653970471e+03
1.230486577653970471e+03
1.230486577653970471e+03
1.230486577653970471e+03
1.230486577653970471e+03
1.230486577653970471e+03
1.230486577653970471e+03
1.230486577653970471e+03
1.230486577653970471e+03
1.230486577653970471e+03
1.230653157823777747e+03
1.230653157823777747e+03
1.230653157823777747e+03
1.230653157823777747e+03
1.230653157823777747e+03
1.230653157823777747e+03
1.231323490584241881e+03
1.233990109622342061e+03
1.232321141620448998e+03
1.230098773369377341e+03
1.230098773369377341e+03
1.229474918286030061e+03
1.229474918286030061e+03
1.229474918286030061e+03
1.229474918286030061e+03
1.230053447707794930e+03
1.230053447707794930e+03
1.230053447707794930e+03
1.230053447707794930e+03
1.230053447707794930e+03
1.230180123799047578e+03
1.230180123799047578e+03
1.230180123799047578e+03
1.229975227974903873e+03
1.229809451391995708e+03
1.229809451391995708e+03
1.229809451391995708e+03
1.229809451391995708e+03
1.229809451391995708e+03
1.229809451391995708e+03
1.229809451391995708e+03
1.229117644812985873e+03
1.229764493857507887e+03
1.229764493857507887e+03
1.229764493857507887e+03
1.229599521422162979e+03
1.229599521422162979e+03
1.229599521422162979e+03
1.229599521422162979e+03
1.229599521422162979e+03
1.229599521422162979e+03
1.228693218904661080e+03
1.228693218904661080e+03
1.229045530754671290e+03
1.229045530754671290e+03
1.229045530754671290e+03
1.229045530754671290e+03
1.229045530754671290e+03
1.229045530754671290e+03
1.229087388094567359e+03
1.230458624048854972e+03
1.230458624048854972e+03
1.229967082345275230e+03
1.231472433642408305e+03
1.232545858235261676e+03
1.232545858235261676e+03
1.232545858235261676e+03
1.232545858235261676e+03
1.232545858235261676e+03
1.232545858235261676e+03
1.232545858235261676e+03
1.232894241783088546e+03
1.232894241783088546e+03
1.232894241783088546e+03
1.232894241783088546e+03
1.234588884148147599e+03
1.237206639032058320e+03
1.233556771366072553e+03
1.233556771366072553e+03
1.233556771366072553e+03
1.233556771366072553e+03
1.233556771366072553e+03
1.233556771366072553e+03
1.233556771366072553e+03
1.233556771366072553e+03
1.233556771366072553e+03
1.232782998453542405e+03
1.232782998453542405e+03
1.232782998453542405e+03
1.232782998453542405e+03
1.232782998453542405e+03
1.233113149175593207e+03
1.233113149175593207e+03
1.234262088020353758e+03
1.234262088020353758e+03
1.235394116340265100e+03
1.235192595672659081e+03
1.235192595672659081e+03
1.235192595672659081e+03
1.235192595672659081e+03
1.235192595672659081e+03
1.235008924641794465e+03
1.235008924641794465e+03
1.235008924641794465e+03
1.235008924641794465e+03
1.233386512099939409e+03
1.234092416853193754e+03
1.234092416853193754e+03
1.234092416853193754e+03
1.234070484081637687e+03
1.233266520080751889e+03
1.233266520080751889e+03
1.233266520080751889e+03
1.233266520080751889e+03
1.233266520080751889e+03
1.233266520080751889e+03
1.239094649425627722e+03
1.239094649425627722e+03
1.236556558160491250e+03
1.240418604457817310e+03
1.240418604457817310e+03
1.240418604457817310e+03
1.240418604457817310e+03
1.240418604457817310e+03
1.240418604457817310e+03
1.240418604457817310e+03
1.240418604457817310e+03
1.240418604457817310e+03
1.234979883457283904e+03
1.234979883457283904e+03
1.234979883457283904e+03
1.234979883457283904e+03
1.235925325413903010e+03
1.235925325413903010e+03
1.234995047291999072e+03
1.234995047291999072e+03
1.234995047291999072e+03
1.234995047291999072e+03
1.234995047291999072e+03
1.234995047291999072e+03
1.233627115376045367e+03
1.233627115376045367e+03
1.233627115376045367e+03
1.233627115376045367e+03
1.233627115376045367e+03
1.233627115376045367e+03
1.233698826996918569e+03
1.233698826996918569e+03
1.233698826996918569e+03
1.234434038802318355e+03
1.234434038802318355e+03
1.234434038802318355e+03
1.234434038802318355e+03
1.234434038802318355e+03
1.234434038802318355e+03
1.234434038802318355e+03
1.236614082063109890e+03
1.236614082063109890e+03
1.236614082063109890e+03
1.240407266441408410e+03
1.234998239191648963e+03
1.234998239191648963e+03
1.234945757691195013e+03
1.234945757691195013e+03
1.234945757691195013e+03
1.237398842618667004e+03
1.237398842618667004e+03
1.237398842618667004e+03
1.237398842618667004e+03
1.237398842618667004e+03
1.237398842618667004e+03
1.236718400409107517e+03
1.236718400409107517e+03
1.236718400409107517e+03
1.236718400409107517e+03
1.236718400409107517e+03
1.236718400409107517e+03
1.236718400409107517e+03
1.236718400409107517e+03
1.236718400409107517e+03
1.235569022805327677e+03
1.235569022805327677e+03
1.235569022805327677e+03
1.235569022805327677e+03
1.235569022805327677e+03
1.235569022805327677e+03
1.235569022805327677e+03
1.235569022805327677e+03
1.235569022805327677e+03
1.235569022805327677e+03
1.235569022805327677e+03
1.235569022805327677e+03
1.235569022805327677e+03
1.235569022805327677e+03
1.235569022805327677e+03
1.235569022805327677e+03
1.237446605901687235e+03
1.238092369815701204e+03
1.238092369815701204e+03
1.235589727038887304e+03
1.235589727038887304e+03
1.235589727038887304e+03
1.235589727038887304e+03
1.235589727038887304e+03
1.235589727038887304e+03
1.235360878812055944e+03
1.235360878812055944e+03
1.235360878812055944e+03
1.231652900491662876e+03
1.231652900491662876e+03
1.231652900491662876e+03
1.230085589156687320e+03
1.230085589156687320e+03
1.230085589156687320e+03
1.230085589156687320e+03
1.230085589156687320e+03
1.230085589156687320e+03
1.230085589156687320e+03
1.232112850982506643e+03
1.232112850982506643e+03
1.229411577259010528e+03
1.229411577259010528e+03
1.231427601121743237e+03
1.230845742539943785e+03
1.230321357659140176e+03
1.230321357659140176e+03
1.230321357659140176e+03
1.230321357659140176e+03
1.230321357659140176e+03
1.230321357659140176e+03
1.230321357659140176e+03
1.230321357659140176e+03
1.229126177024210392e+03
1.229126177024210392e+03
1.231139402447990278e+03
1.231139402447990278e+03
1.231139402447990278e+03
1.231139402447990278e+03
1.231139402447990278e+03
1.231139402447990278e+03
1.231139402447990278e+03
1.231139402447990278e+03
1.236748168847803754e+03
1.234104991522742239e+03
1.232939176986895291e+03
1.232939176986895291e+03
1.232939176986895291e+03
1.232939176986895291e+03
1.232939176986895291e+03
1.232939176986895291e+03
1.232939176986895291e+03
1.232939176986895291e+03
1.232939176986895291e+03
1.232939176986895291e+03
1.232939176986895291e+03
1.232939176986895291e+03
1.232939176986895291e+03
1.232939176986895291e+03
1.232939176986895291e+03
1.233394246538194011e+03
1.233394246538194011e+03
1.233394246538194011e+03
1.233394246538194011e+03
1.233394246538194011e+03
1.233822589353383364e+03
1.233822589353383364e+03
1.233822589353383364e+03
1.233822589353383364e+03
1.233822589353383364e+03
1.233822589353383364e+03
1.233822589353383364e+03
1.233822589353383364e+03
1.233822589353383364e+03
1.233822589353383364e+03
1.231807134403765076e+03
1.231807134403765076e+03
1.232895653649545238e+03
1.232895653649545238e+03
1.240302865049873162e+03
1.240302865049873162e+03
1.240302865049873162e+03
1.240302865049873162e+03
1.235138397236465607e+03
1.233936029785635583e+03
1.233055790527195768e+03
1.233055790527195768e+03
1.233055790527195768e+03
1.230866359128815930e+03
1.230866359128815930e+03
1.230866359128815930e+03
1.231930898672950207e+03
1.231930898672950207e+03
1.234440082852908972e+03
1.233199490245802508e+03
1.233199490245802508e+03
1.233199490245802508e+03
1.233199490245802508e+03
1.233603054614798566e+03
1.233603054614798566e+03
1.233603054614798566e+03
1.233603054614798566e+03
1.233603054614798566e+03
1.234255698580047920e+03
1.232423954981905354e+03
1.232423954981905354e+03
1.232249990833505308e+03
1.232249990833505308e+03
1.232249990833505308e+03
1.232388559449335389e+03
1.232388559449335389e+03
1.232388559449335389e+03
1.232388559449335389e+03
1.232388559449335389e+03
1.232388559449335389e+03
1.232388559449335389e+03
1.232388559449335389e+03
1.232676836678882864e+03
1.232676836678882864e+03
1.232676836678882864e+03
1.232241478071718575e+03
1.232241478071718575e+03
1.232241478071718575e+03
1.232241478071718575e+03
1.232241478071718575e+03
1.232241478071718575e+03
1.232241478071718575e+03
1.232241478071718575e+03
1.230751330574499207e+03
1.230751330574499207e+03
1.230751330574499207e+03
1.230094896221947920e+03
1.231102576041853354e+03
1.230359661144509118e+03
1.230359661144509118e+03
1.230359661144509118e+03
1.230359661144509118e+03
1.230359661144509118e+03
1.230359661144509118e+03
1.230359661144509118e+03
1.230359661144509118e+03
1.230146982893004633e+03
1.231855564400031199e+03
1.231855564400031199e+03
1.233090576417303964e+03
1.233090576417303964e+03
1.233090576417303964e+03
1.233090576417303964e+03
1.235754628341857824e+03
1.235754628341857824e+03
1.235754628341857824e+03
1.235754628341857824e+03
1.234447404766433465e+03
1.233776747377523407e+03
1.233776747377523407e+03
1.232714026810030191e+03
1.234491050237132640e+03
1.234491050237132640e+03
1.234491050237132640e+03
1.234491050237132640e+03
1.234491050237132640e+03
1.234491050237132640e+03
1.234491050237132640e+03
1.234491050237132640e+03
1.234395720870654031e+03
1.233020729594009254e+03
1.233020729594009254e+03
1.231581385127388103e+03
1.231581385127388103e+03
1.231449497434822888e+03
1.229629865592701208e+03
1.229629865592701208e+03
1.232874222287756766e+03
1.232874222287756766e+03
1.232874222287756766e+03
1.231457454975144174e+03
1.231457454975144174e+03
1.231457454975144174e+03
1.231457454975144174e+03
1.231457454975144174e+03
1.231457454975144174e+03
1.231457454975144174e+03
1.231457454975144174e+03
1.231457454975144174e+03
1.231457454975144174e+03
1.231457454975144174e+03
1.229553468242235112e+03
1.229553468242235112e+03
1.229553468242235112e+03
1.229553468242235112e+03
1.229119394267427424e+03
1.232936807277248363e+03
1.232936807277248363e+03
1.232936807277248363e+03
1.229988993586272500e+03
1.229988993586272500e+03
1.229988993586272500e+03
1.229988993586272500e+03
1.229343313636865787e+03
1.229343313636865787e+03
1.229343313636865787e+03
1.229343313636865787e+03
1.229343313636865787e+03
1.229343313636865787e+03
1.231826092544174799e+03
1.233493985487825285e+03
1.230517803467651675e+03
1.230517803467651675e+03
1.230517803467651675e+03
1.230517803467651675e+03
1.230517803467651675e+03
1.230517803467651675e+03
1.230517803467651675e+03
1.230155478352017326e+03
1.230155478352017326e+03
1.230155478352017326e+03
1.230432466412893064e+03
1.231356449980707339e+03
1.231356449980707339e+03
1.231356449980707339e+03
1.231356449980707339e+03
1.231019688559333190e+03
1.231019688559333190e+03
1.231948886514117930e+03
1.231948886514117930e+03
1.231948886514117930e+03
1.230020307288230697e+03
1.230808490249301485e+03
1.230808490249301485e+03
1.230808490249301485e+03
1.230808490249301485e+03
1.230808490249301485e+03
1.231200886113110528e+03
1.230051703789230942e+03
1.230051703789230942e+03
1.230198960658950909e+03
1.230198960658950909e+03
1.230198960658950909e+03
1.230198960658950909e+03
1.230963618386898361e+03
1.230963618386898361e+03
1.230963618386898361e+03
1.229707783287368329e+03
1.229707783287368329e+03
1.229707783287368329e+03
1.228092118575122640e+03
1.228092118575122640e+03
1.229144009497973911e+03
1.229144009497973911e+03
1.229144009497973911e+03
1.229724797947803381e+03
1.229724797947803381e+03
1.229724797947803381e+03
1.229724797947803381e+03
1.229724797947803381e+03
1.229724797947803381e+03
1.229724797947803381e+03
1.231044746010740027e+03
1.231044746010740027e+03
1.231044746010740027e+03
1.230204427307086235e+03
1.231261872866415615e+03
1.231261872866415615e+03
1.231261872866415615e+03
1.231261872866415615e+03
1.231261872866415615e+03
1.231261872866415615e+03
1.230029599372164512e+03
1.230029599372164512e+03
1.230029599372164512e+03
1.231466241200268769e+03
1.231466241200268769e+03
1.231466241200268769e+03
1.231466241200268769e+03
1.231262215724699445e+03
1.231262215724699445e+03
1.231183771690888761e+03
1.231183771690888761e+03
1.231183771690888761e+03
1.231183771690888761e+03
1.231183771690888761e+03
1.231183771690888761e+03
1.228952664092918212e+03
1.228952664092918212e+03
1.228952664092918212e+03
1.228952664092918212e+03
1.228488206672595879e+03
1.229267512305191531e+03
1.229267512305191531e+03
1.229267512305191531e+03
1.229267512305191531e+03
1.229267512305191531e+03
1.230121581779822918e+03
1.230121581779822918e+03
1.230121581779822918e+03
1.230121581779822918e+03
1.230121581779822918e+03
1.230121581779822918e+03
1.231699522001147670e+03
1.231699522001147670e+03
1.231699522001147670e+03
1.231699522001147670e+03
1.231699522001147670e+03
1.231699522001147670e+03
1.231699522001147670e+03
1.231699522001147670e+03
1.232239182189664916e+03
1.232239182189664916e+03
1.232239182189664916e+03
1.232239182189664916e+03
1.232239182189664916e+03
1.233022635813973466e+03
1.233022635813973466e+03
1.233022635813973466e+03
1.233022635813973466e+03
1.234262642757067852e+03
1.235078193750529408e+03
1.235078193750529408e+03
1.235078193750529408e+03
1.235078193750529408e+03
1.235078193750529408e+03
1.235078193750529408e+03
1.238572352142350610e+03
1.238572352142350610e+03
1.241350273507079237e+03
1.239943214833362163e+03
1.239943214833362163e+03
1.237098615284856351e+03
1.235386995130349987e+03
1.235386995130349987e+03
1.235386995130349987e+03
1.235386995130349987e+03
1.235386995130349987e+03
1.235386995130349987e+03
1.235386995130349987e+03
1.235386995130349987e+03
1.235386995130349987e+03
1.235386995130349987e+03
1.235386995130349987e+03
1.236719856271797880e+03
1.233801228528451702e+03
1.233801228528451702e+03
1.233801228528451702e+03
1.233801228528451702e+03
1.233801228528451702e+03
1.233935786656686105e+03
1.233935786656686105e+03
1.233935786656686105e+03
1.233935786656686105e+03
1.233935786656686105e+03
1.233935786656686105e+03
1.233935786656686105e+03
1.233910401782276949e+03
1.233910401782276949e+03
1.233910401782276949e+03
1.232618383376107431e+03
1.232618383376107431e+03
1.234946622029643095e+03
1.230264542698048899e+03
1.230264542698048899e+03
1.230264542698048899e+03
1.230083677868021368e+03
1.230083677868021368e+03
1.229780616549586284e+03
1.229780616549586284e+03
1.229780616549586284e+03
1.229998096211943448e+03
1.229998096211943448e+03
1.230833287411109723e+03
1.230833287411109723e+03
1.231789606802106846e+03
1.231789606802106846e+03
1.230779773802804357e+03
1.234684100479361859e+03
1.234684100479361859e+03
1.234684100479361859e+03
1.232252994615059379e+03
1.232252994615059379e+03
1.232441947877620123e+03
1.233368845745830185e+03
1.233368845745830185e+03
1.233368845745830185e+03
1.232852664731378582e+03
1.234023985301044149e+03
1.234023985301044149e+03
1.234194130284507992e+03
1.234194130284507992e+03
1.232948906223942686e+03
1.232948906223942686e+03
1.232948906223942686e+03
1.232948906223942686e+03
1.232948906223942686e+03
1.232948906223942686e+03
1.232948906223942686e+03
1.232948906223942686e+03
1.233441440516967759e+03
1.233441440516967759e+03
1.233441440516967759e+03
1.233441440516967759e+03
1.233780861702779475e+03
1.233780861702779475e+03
1.233780861702779475e+03
1.233780861702779475e+03
1.233780861702779475e+03
1.239120231512493774e+03
1.236058158815012348e+03
1.236058158815012348e+03
1.236058158815012348e+03
1.235832449098550796e+03
1.235832449098550796e+03
1.235832449098550796e+03
1.235832449098550796e+03
1.235832449098550796e+03
1.237568968510285004e+03
1.237568968510285004e+03
1.233106339135151984e+03
1.233106339135151984e+03
1.233019008828034202e+03
1.233019008828034202e+03
1.233019008828034202e+03
1.235073778613179684e+03
1.235073778613179684e+03
1.235073778613179684e+03
1.235073778613179684e+03
1.235073778613179684e+03
1.235235100494374592e+03
1.235235100494374592e+03
1.234659564749316132e+03
1.234659564749316132e+03
1.235416740062802091e+03
1.235416740062802091e+03
1.235184407646204590e+03
1.232466615728175611e+03
1.232466615728175611e+03
1.231954729161914656e+03
1.231444157348086719e+03
1.231514350561397578e+03
1.231514350561397578e+03
1.231514350561397578e+03
1.233063727166387025e+03
1.233063727166387025e+03
1.233063727166387025e+03
1.233063727166387025e+03
1.233063727166387025e+03
1.233074455066838254e+03
1.233074455066838254e+03
1.233074455066838254e+03
1.233074455066838254e+03
1.233074455066838254e+03
1.233042519704433289e+03
1.230870978910156509e+03
1.229851704311986168e+03
1.229851704311986168e+03
1.229851704311986168e+03
1.233462293310856694e+03
1.235253818763754452e+03
1.235253818763754452e+03
1.238654121023126663e+03
1.238654121023126663e+03
1.238654121023126663e+03
1.233791133530065053e+03
1.233791133530065053e+03
1.233791133530065053e+03
1.233791133530065053e+03
1.233791133530065053e+03
1.233791133530065053e+03
1.231344532015062441e+03
1.241222126668859801e+03
1.241222126668859801e+03
1.240823621842224838e+03
1.240823621842224838e+03
1.240823621842224838e+03
1.240823621842224838e+03
1.238450989433533323e+03
1.238450989433533323e+03
1.238450989433533323e+03
1.238450989433533323e+03
1.238450989433533323e+03
1.241481626501675237e+03
1.241481626501675237e+03
1.241481626501675237e+03
1.241481626501675237e+03
1.241481626501675237e+03
1.241481626501675237e+03
1.241213035809389794e+03
1.241213035809389794e+03
1.238201042223062586e+03
1.238201042223062586e+03
1.234051687937579345e+03
1.234051687937579345e+03
1.234051687937579345e+03
1.234051687937579345e+03
1.234051687937579345e+03
1.234051687937579345e+03
1.234051687937579345e+03
1.234051687937579345e+03
1.234051687937579345e+03
1.234051687937579345e+03
1.236154152713760368e+03
1.236154152713760368e+03
1.236154152713760368e+03
1.236154152713760368e+03
1.236154152713760368e+03
1.236154152713760368e+03
1.236154152713760368e+03
1.234968038957806129e+03
1.234968038957806129e+03
1.234968038957806129e+03
1.234968038957806129e+03
1.234968038957806129e+03
1.234968038957806129e+03
1.232687085493965242e+03
1.233777467329808587e+03
1.233777467329808587e+03
1.235085094914474666e+03
1.235826877600179614e+03
1.235268326020405084e+03
1.235268326020405084e+03
1.235268326020405084e+03
1.235268326020405084e+03
1.235268326020405084e+03
1.237345926749392675e+03
1.237345926749392675e+03
1.237290267287721463e+03
1.237290267287721463e+03
1.237290267287721463e+03
1.237290267287721463e+03
1.237290267287721463e+03
1.237290267287721463e+03
1.237290267287721463e+03
1.235468437106075498e+03
1.235282997892335061e+03
1.235282997892335061e+03
1.235282997892335061e+03
1.235282997892335061e+03
1.235282997892335061e+03
1.236667303386733010e+03
1.236667303386733010e+03
1.236667303386733010e+03
1.236667303386733010e+03
1.240088322818009829e+03
1.241020562669849824e+03
1.241020562669849824e+03
1.236321144397512626e+03
1.236321144397512626e+03
1.234987588301049755e+03
1.234987588301049755e+03
1.234987588301049755e+03
1.234987588301049755e+03
1.234987588301049755e+03
1.234987588301049755e+03
1.234987588301049755e+03
1.233376663421491685e+03
1.233376663421491685e+03
1.233376663421491685e+03
1.233376663421491685e+03
1.233376663421491685e+03
1.233376663421491685e+03
1.233023727445313170e+03
1.233023727445313170e+03
1.233133560274441606e+03
1.231321949513920572e+03
1.231321949513920572e+03
1.231321949513920572e+03
1.234166533878275459e+03
1.234166533878275459e+03
1.234166533878275459e+03
1.234166533878275459e+03
1.233970822354928941e+03
1.233970822354928941e+03
1.233970822354928941e+03
1.233970822354928941e+03
1.233970822354928941e+03
1.233970822354928941e+03
1.233970822354928941e+03
1.237268937714075264e+03
1.234985942727238580e+03
1.234985942727238580e+03
1.234985942727238580e+03
1.237716283457792542e+03
1.240407040855492369e+03
1.240407040855492369e+03
1.234038923239100313e+03
1.233889478311987205e+03
1.233889478311987205e+03
1.233889478311987205e+03
1.233889478311987205e+03
1.233889478311987205e+03
1.233568874898074000e+03
1.233568874898074000e+03
1.233568874898074000e+03
1.233568874898074000e+03
1.234869448569091901e+03
1.234950172695483843e+03
1.234950172695483843e+03
1.234950172695483843e+03
1.230601291356116917e+03
1.236858984265016716e+03
1.236858984265016716e+03
1.234569245746100023e+03
1.234569245746100023e+03
1.234569245746100023e+03
1.234569245746100023e+03
1.233841377532423394e+03
1.233841377532423394e+03
1.230428510460068537e+03
1.230428510460068537e+03
1.230428510460068537e+03
1.230131743955244701e+03
1.230131743955244701e+03
1.230131743955244701e+03
1.230131743955244701e+03
1.233085939926931587e+03
1.233085939926931587e+03
1.233085939926931587e+03
1.233085939926931587e+03
1.235082366594261657e+03
1.235082366594261657e+03
1.235082366594261657e+03
1.235082366594261657e+03
1.234840544920773027e+03
1.233596937076719769e+03
1.233596937076719769e+03
1.233509810665574605e+03
1.233509810665574605e+03
1.233509810665574605e+03
1.233220623703153933e+03
1.233220623703153933e+03
1.233220623703153933e+03
1.233220623703153933e+03
1.234497538602350687e+03
1.234497538602350687e+03
1.234497538602350687e+03
1.234497538602350687e+03
1.234497538602350687e+03
1.232498100337936194e+03
1.233058724496659124e+03
1.231318728318850617e+03
1.231890782218647473e+03
1.232943109576754978e+03
1.231618068085981122e+03
1.231618068085981122e+03
1.232133312878991319e+03
1.232133312878991319e+03
1.232133312878991319e+03
1.234306636923053247e+03
1.234306636923053247e+03
1.234306636923053247e+03
1.234306636923053247e+03
1.234306636923053247e+03
1.234306636923053247e+03
1.234306636923053247e+03
1.234306636923053247e+03
1.234306636923053247e+03
1.232602582441993945e+03
1.232602582441993945e+03
1.233133335671883060e+03
1.233133335671883060e+03
1.233133335671883060e+03
1.233838683584285718e+03
1.233838683584285718e+03
1.233838683584285718e+03
1.233838683584285718e+03
1.233838683584285718e+03
1.233838683584285718e+03
1.233764586365242621e+03
1.233764586365242621e+03
1.233267025806393576e+03
1.233267025806393576e+03
1.231696792808227201e+03
1.231696792808227201e+03
1.231696792808227201e+03
1.231696792808227201e+03
1.231696792808227201e+03
1.231696792808227201e+03
1.231696792808227201e+03
1.231696792808227201e+03
1.231696792808227201e+03
1.231696792808227201e+03
1.233283616693573777e+03
1.233283616693573777e+03
1.232329532615383869e+03
1.230548366620122351e+03
1.230519169363826222e+03
1.230519169363826222e+03
1.230519169363826222e+03
1.233047814367853334e+03
1.233047814367853334e+03
1.233047814367853334e+03
1.233047814367853334e+03
1.231090488356494689e+03
1.231090488356494689e+03
1.231090488356494689e+03
1.231090488356494689e+03
1.231090488356494689e+03
1.231090488356494689e+03
1.231090488356494689e+03
1.231372269854198294e+03
1.229176508035792722e+03
1.229176508035792722e+03
1.229136349542240168e+03
1.229136349542240168e+03
1.229136349542240168e+03
1.229136349542240168e+03
1.230017618524790123e+03
1.232161129547300334e+03
1.232161129547300334e+03
1.232161129547300334e+03
1.232161129547300334e+03
1.232161129547300334e+03
1.232161129547300334e+03
1.232161129547300334e+03
1.232161129547300334e+03
1.232161129547300334e+03
1.232161129547300334e+03
1.232803915778698865e+03
1.232408708033106905e+03
1.230726335842390199e+03
1.230160253316732906e+03
1.230823898029334259e+03
1.230823898029334259e+03
1.230823898029334259e+03
1.230823898029334259e+03
1.230088240953237118e+03
1.231105586476531471e+03
1.231105586476531471e+03
1.231970626720589280e+03
1.231022231859534486e+03
1.230870821959761997e+03
1.230870821959761997e+03
1.230870821959761997e+03
1.230870821959761997e+03
1.230870821959761997e+03
1.232616750571981584e+03
1.232616750571981584e+03
1.232616750571981584e+03
1.232616750571981584e+03
1.232616750571981584e+03
1.232616750571981584e+03
1.232616750571981584e+03
1.233341428327514677e+03
1.233341428327514677e+03
1.233341428327514677e+03
1.233567055141244509e+03
1.233567055141244509e+03
1.233567055141244509e+03
1.234325566656718138e+03
1.234325566656718138e+03
1.234325566656718138e+03
1.234325566656718138e+03
1.234325566656718138e+03
1.234325566656718138e+03
1.234325566656718138e+03
1.234325566656718138e+03
1.234325566656718138e+03
1.234325566656718138e+03
1.234325566656718138e+03
1.232624863593588998e+03
1.232624863593588998e+03
1.232624863593588998e+03
1.232624863593588998e+03
1.232624863593588998e+03
1.232624863593588998e+03
1.232624863593588998e+03
1.231972527949800678e+03
1.231972527949800678e+03
1.231972527949800678e+03
1.231972527949800678e+03
1.231972527949800678e+03
1.231972527949800678e+03
1.231972527949800678e+03
1.231972527949800678e+03
1.229705976101750139e+03
1.229705976101750139e+03
1.229705976101750139e+03
1.229705976101750139e+03
1.229705976101750139e+03
1.229705976101750139e+03
1.228430136974274774e+03
1.230999295588153018e+03
1.230999295588153018e+03
1.230999295588153018e+03
1.230971444402270436e+03
1.230971444402270436e+03
1.230971444402270436e+03
1.230263268838252088e+03
1.230263268838252088e+03
1.230263268838252088e+03
1.230263268838252088e+03
1.230263268838252088e+03
1.230263268838252088e+03
1.230263268838252088e+03
1.230263268838252088e+03
1.230263268838252088e+03
1.230344691418182265e+03
1.230344691418182265e+03
1.230344691418182265e+03
1.230344691418182265e+03
1.230344691418182265e+03
1.229711196617019596e+03
1.229711196617019596e+03
1.229711196617019596e+03
1.229711196617019596e+03
1.229711196617019596e+03
1.229711196617019596e+03
1.229711196617019596e+03
1.229711196617019596e+03
1.229711196617019596e+03
1.229711196617019596e+03
1.228941202435319383e+03
1.228941202435319383e+03
1.228515327336072005e+03
1.228515327336072005e+03
1.228515327336072005e+03
1.228515327336072005e+03
1.228515327336072005e+03
1.228515327336072005e+03
1.228515327336072005e+03
1.228515327336072005e+03
1.228515327336072005e+03
1.228515327336072005e+03
1.229203785502211076e+03
1.233394142490830518e+03
1.233394142490830518e+03
1.229291895791256820e+03
1.229291895791256820e+03
1.229291895791256820e+03
1.229291895791256820e+03
1.229291895791256820e+03
1.229291895791256820e+03
1.233936843009316362e+03
1.233936843009316362e+03
1.230818121902938628e+03
1.230824703745847046e+03
1.229204731807621556e+03
1.230040532149186902e+03
1.230040532149186902e+03
1.230040532149186902e+03
1.230656768334921708e+03
1.231850676220420610e+03
1.231850676220420610e+03
1.231850676220420610e+03
1.231850676220420610e+03
1.231850676220420610e+03
1.231850676220420610e+03
1.231850676220420610e+03
1.231850676220420610e+03
1.231850676220420610e+03
1.231850676220420610e+03
1.230898677449568368e+03
1.230898677449568368e+03
1.230673292125297621e+03
1.230673292125297621e+03
1.230673292125297621e+03
1.232089534772552042e+03
1.232089534772552042e+03
1.232089534772552042e+03
1.235841795218875632e+03
1.233112204472901340e+03
1.236501103689402271e+03
1.236501103689402271e+03
1.236501103689402271e+03
1.236501103689402271e+03
1.236501103689402271e+03
1.234734310236080546e+03
1.234734310236080546e+03
1.234734310236080546e+03
1.234734310236080546e+03
1.234734310236080546e+03
1.234734310236080546e+03
1.234734310236080546e+03
1.234734310236080546e+03
1.238192515941984766e+03
1.238192515941984766e+03
1.242986113401349940e+03
1.230808153746178505e+03
1.230808153746178505e+03
1.231864271124811239e+03
1.231864271124811239e+03
1.231864271124811239e+03
1.231864271124811239e+03
1.231864271124811239e+03
1.231864271124811239e+03
1.230317035894393484e+03
1.230317035894393484e+03
1.230317035894393484e+03
1.230317035894393484e+03
1.231298469153848373e+03
1.230416039597547979e+03
1.231906077140301250e+03
1.237294629042763063e+03
1.237294629042763063e+03
1.237294629042763063e+03
1.237294629042763063e+03
1.237294629042763063e+03
1.239218377504338150e+03
1.239218377504338150e+03
1.239218377504338150e+03
1.235326110605087933e+03
1.235326110605087933e+03
1.235326110605087933e+03
1.235326110605087933e+03
1.235326110605087933e+03
1.235326110605087933e+03
1.235326110605087933e+03
1.235326110605087933e+03
1.235326110605087933e+03
1.235326110605087933e+03
1.235326110605087933e+03
1.235326110605087933e+03
1.235326110605087933e+03
1.235326110605087933e+03
1.235326110605087933e+03
1.235326110605087933e+03
1.235326110605087933e+03
1.235363792549361960e+03
1.235363792549361960e+03
1.235363792549361960e+03
1.235363792549361960e+03
1.235363792549361960e+03
1.235363792549361960e+03
1.235390222134207306e+03
1.235390222134207306e+03
1.235390222134207306e+03
1.234068539360974910e+03
1.233992413132867114e+03
1.233992413132867114e+03
1.236192391514604651e+03
1.239718158571150525e+03
1.240339917887532238e+03
1.236868165317114290e+03
1.236868165317114290e+03
1.235701005276722071e+03
1.235701005276722071e+03
1.235701005276722071e+03
1.235701005276722071e+03
1.235701005276722071e+03
1.232279533575526784e+03
1.232079739807536043e+03
1.232079739807536043e+03
1.232079739807536043e+03
1.232079739807536043e+03
1.232079739807536043e+03
1.232079739807536043e+03
1.232079739807536043e+03
1.232079739807536043e+03
1.232079739807536043e+03
1.232079739807536043e+03
1.229439397329209442e+03
1.229439397329209442e+03
1.229308599327646334e+03
1.229308599327646334e+03
1.228775291579803252e+03
1.228775291579803252e+03
1.228775291579803252e+03
1.229101968448494063e+03
1.229101968448494063e+03
1.229101968448494063e+03
1.229101968448494063e+03
1.229101968448494063e+03
1.229101968448494063e+03
1.229101968448494063e+03
1.229101968448494063e+03
1.229101968448494063e+03
1.229494303417044193e+03
1.229494303417044193e+03
1.229494303417044193e+03
1.229494303417044193e+03
1.229494303417044193e+03
1.229494303417044193e+03
1.229494303417044193e+03
1.229494303417044193e+03
1.229494303417044193e+03
1.228303969140267100e+03
1.228303969140267100e+03
1.228303969140267100e+03
1.231471619703692340e+03
1.231471619703692340e+03
1.230762945034298809e+03
1.230762945034298809e+03
1.230249083154933032e+03
1.230249083154933032e+03
1.230249083154933032e+03
1.235781158991986558e+03
1.235745243351126192e+03
1.233401779830338228e+03
1.234025651287310438e+03
1.234025651287310438e+03
1.234025651287310438e+03
1.234772737412056813e+03
1.233716338183520520e+03
1.233716338183520520e+03
1.234108513810247132e+03
1.234108513810247132e+03
1.234108513810247132e+03
1.234992972517727821e+03
1.236225532131236832e+03
1.236225532131236832e+03
1.236225532131236832e+03
1.239062437366527774e+03
1.239062437366527774e+03
1.237154446953530623e+03
1.237154446953530623e+03
1.237154446953530623e+03
1.237154446953530623e+03
1.237154446953530623e+03
1.237154446953530623e+03
1.237154446953530623e+03
1.237154446953530623e+03
1.235852548716954288e+03
1.234339627573344387e+03
1.234339627573344387e+03
1.234339627573344387e+03
1.234339627573344387e+03
1.236004380779242865e+03
1.236004380779242865e+03
1.234551203831221073e+03
1.232723189415447450e+03
1.232723189415447450e+03
1.232723189415447450e+03
1.232739390817003141e+03
1.232739390817003141e+03
1.232879621578478918e+03
1.232879621578478918e+03
1.239152555813585423e+03
1.236815716160861484e+03
1.231780501281828037e+03
1.229121140712770966e+03
1.229121140712770966e+03
1.229121140712770966e+03
1.229121140712770966e+03
1.229121140712770966e+03
1.229121140712770966e+03
1.231804724798287225e+03
1.231239238631800617e+03
1.231239238631800617e+03
1.229459485899985566e+03
1.229459485899985566e+03
1.230692914263424882e+03
1.230692914263424882e+03
1.231443243696140144e+03
1.231443243696140144e+03
1.231443243696140144e+03
1.231443243696140144e+03
1.231443243696140144e+03
1.231443243696140144e+03
1.232890257300121448e+03
1.232890257300121448e+03
1.232890257300121448e+03
1.233119084980116895e+03
1.233119084980116895e+03
1.233119084980116895e+03
1.232397665799231618e+03
1.230779920595995236e+03
1.230779920595995236e+03
1.232130178381629776e+03
1.232130178381629776e+03
1.232130178381629776e+03
1.232130178381629776e+03
1.232130178381629776e+03
1.232130178381629776e+03
1.231735366876753233e+03
1.230974576910823998e+03
1.231775270263272432e+03
1.230983423120109364e+03
1.230826187681169813e+03
1.230826187681169813e+03
1.230826187681169813e+03
1.230826187681169813e+03
1.230826187681169813e+03
1.231317109691058022e+03
1.231317109691058022e+03
1.231317109691058022e+03
1.231317109691058022e+03
1.231317109691058022e+03
1.231708035888758332e+03
1.231708035888758332e+03
1.231708035888758332e+03
1.231708035888758332e+03
1.231708035888758332e+03
1.231708035888758332e+03
1.231708035888758332e+03
1.231708035888758332e+03
1.231708035888758332e+03
1.230529710668696225e+03
1.230529710668696225e+03
1.230529710668696225e+03
1.230529710668696225e+03
1.230529710668696225e+03
1.230529710668696225e+03
1.230529710668696225e+03
1.230529710668696225e+03
1.230529710668696225e+03
1.230529710668696225e+03
1.230529710668696225e+03
1.230529710668696225e+03
1.231645258324031147e+03
1.231645258324031147e+03
1.233253008158375451e+03
1.233087963192509051e+03
1.233087963192509051e+03
1.233087963192509051e+03
1.233087963192509051e+03
1.233405217211070976e+03
1.233405217211070976e+03
1.234430354082901204e+03
1.234430354082901204e+03
1.234430354082901204e+03
1.234430354082901204e+03
1.235258771195844474e+03
1.235258771195844474e+03
1.235258771195844474e+03
1.235258771195844474e+03
1.235258771195844474e+03
1.235258771195844474e+03
1.235258771195844474e+03
1.232239798633687997e+03
1.232239798633687997e+03
1.232488129664472581e+03
1.232488129664472581e+03
1.232488129664472581e+03
1.232488129664472581e+03
1.232488129664472581e+03
1.232488129664472581e+03
1.232488129664472581e+03
1.232488129664472581e+03
1.233101781932382664e+03
1.233101781932382664e+03
1.233101781932382664e+03
1.234072838885966121e+03
1.234072838885966121e+03
1.234072838885966121e+03
1.234072838885966121e+03
1.234072838885966121e+03
1.230231384202067375e+03
1.230231384202067375e+03
1.230231384202067375e+03
1.230231384202067375e+03
1.230231384202067375e+03
1.230231384202067375e+03
1.230231384202067375e+03
1.230231384202067375e+03
1.230231384202067375e+03
1.230231384202067375e+03
1.230231384202067375e+03
1.230231384202067375e+03
1.230231384202067375e+03
1.230231384202067375e+03
1.230231384202067375e+03
1.230231384202067375e+03
1.231958085800827121e+03
1.231958085800827121e+03
1.231958085800827121e+03
1.231958085800827121e+03
1.234225045928385953e+03
1.232769228743243502e+03
1.232769228743243502e+03
1.232769228743243502e+03
1.232769228743243502e+03
1.232769228743243502e+03
1.232769228743243502e+03
1.234808922053134665e+03
1.234808922053134665e+03
1.234808922053134665e+03
1.234808922053134665e+03
1.234808922053134665e+03
1.234808922053134665e+03
1.234808922053134665e+03
1.234808922053134665e+03
1.234808922053134665e+03
1.234808922053134665e+03
1.234808922053134665e+03
1.234808922053134665e+03
1.234808922053134665e+03
1.234808922053134665e+03
1.234808922053134665e+03
1.234808922053134665e+03
1.234808922053134665e+03
1.234808922053134665e+03
1.234808922053134665e+03
1.234808922053134665e+03
1.234808922053134665e+03
1.236836279859588558e+03
1.236836279859588558e+03
1.236836279859588558e+03
1.236836279859588558e+03
1.236836279859588558e+03
1.236836279859588558e+03
1.236836279859588558e+03
1.236836279859588558e+03
1.236836279859588558e+03
1.236836279859588558e+03
1.236836279859588558e+03
1.236836279859588558e+03
1.236836279859588558e+03
1.236836279859588558e+03
1.236836279859588558e+03
1.236836279859588558e+03
1.236836279859588558e+03
1.240087465480490209e+03
1.240087465480490209e+03
1.240087465480490209e+03
1.240087465480490209e+03
1.240087465480490209e+03
1.237301440256924252e+03
1.237301440256924252e+03
1.237301440256924252e+03
1.237301440256924252e+03
1.235883872811411948e+03
1.235883872811411948e+03
1.235883872811411948e+03
1.235883872811411948e+03
1.235883872811411948e+03
1.235883872811411948e+03
1.235883872811411948e+03
1.235421292546415316e+03
1.237025552837559644e+03
1.237025552837559644e+03
1.237025552837559644e+03
1.237025552837559644e+03
1.237025552837559644e+03
1.234429361682918170e+03
1.234429361682918170e+03
1.234429361682918170e+03
1.234429361682918170e+03
1.234429361682918170e+03
1.234429361682918170e+03
1.234429361682918170e+03
1.234429361682918170e+03
1.234570447470099680e+03
1.234570447470099680e+03
1.234570447470099680e+03
1.234570447470099680e+03
1.234570447470099680e+03
1.234570447470099680e+03
1.234059271765036556e+03
1.234059271765036556e+03
1.234059271765036556e+03
1.234059271765036556e+03
1.234059271765036556e+03
1.234059271765036556e+03
1.234059271765036556e+03
1.234059271765036556e+03
1.231574797926692099e+03
1.231574797926692099e+03
1.231574797926692099e+03
1.231938298639217010e+03
1.231938298639217010e+03
1.231938298639217010e+03
1.231395810605002453e+03
1.231395810605002453e+03
1.231395810605002453e+03
1.231395810605002453e+03
1.231395810605002453e+03
1.231395810605002453e+03
1.231395810605002453e+03
1.231395810605002453e+03
1.231395810605002453e+03
1.231395810605002453e+03
1.231395810605002453e+03
1.231395810605002453e+03
1.231395810605002453e+03
1.228416688820513627e+03
1.228416688820513627e+03
1.228416688820513627e+03
1.229486971060368887e+03
1.229486971060368887e+03
1.229486971060368887e+03
1.229486971060368887e+03
1.232067456788470508e+03
1.232059495832477751e+03
1.232059495832477751e+03
1.232059495832477751e+03
1.232059495832477751e+03
1.232059495832477751e+03
1.232059495832477751e+03
1.232059495832477751e+03
1.232059495832477751e+03
1.232059495832477751e+03
1.229730552379900473e+03
1.229730552379900473e+03
1.229730552379900473e+03
1.229730552379900473e+03
1.229730552379900473e+03
1.229730552379900473e+03
1.229730552379900473e+03
1.229730552379900473e+03
1.229730552379900473e+03
1.229730552379900473e+03
1.229730552379900473e+03
1.229730552379900473e+03
1.229730552379900473e+03
1.229730552379900473e+03
1.229730552379900473e+03
1.229730552379900473e+03
1.229730552379900473e+03
1.229730552379900473e+03
1.229730552379900473e+03
1.229730552379900473e+03
1.229730552379900473e+03
1.229730552379900473e+03
1.229730552379900473e+03
1.229730552379900473e+03
1.229730552379900473e+03
1.229730552379900473e+03
1.229730552379900473e+03
1.229730552379900473e+03
1.229730552379900473e+03
1.229730552379900473e+03
1.229730552379900473e+03
1.229730552379900473e+03
1.229730552379900473e+03
1.230844749753917313e+03
1.230844749753917313e+03
1.230844749753917313e+03
1.230844749753917313e+03
1.230844749753917313e+03
1.230844749753917313e+03
1.230844749753917313e+03
1.230844749753917313e+03
1.230844749753917313e+03
1.230844749753917313e+03
1.230844749753917313e+03
1.232742226853465581e+03
1.232742226853465581e+03
1.232742226853465581e+03
1.233534289133991933e+03
1.233534289133991933e+03
1.236255570982804784e+03
1.236255570982804784e+03
1.236255570982804784e+03
1.236255570982804784e+03
1.236255570982804784e+03
1.236255570982804784e+03
1.236255570982804784e+03
1.236973575555256275e+03
1.236973575555256275e+03
1.236973575555256275e+03
1.236973575555256275e+03
1.236973575555256275e+03
1.236973575555256275e+03
1.236973575555256275e+03
1.236973575555256275e+03
1.236973575555256275e+03
1.236973575555256275e+03
1.236973575555256275e+03
1.236973575555256275e+03
1.236973575555256275e+03
1.236973575555256275e+03
1.236639060384548429e+03
1.236639060384548429e+03
1.236639060384548429e+03
1.236639060384548429e+03
1.236639060384548429e+03
1.236639060384548429e+03
1.236639060384548429e+03
1.236639060384548429e+03
1.236639060384548429e+03
1.236639060384548429e+03
1.236639060384548429e+03
1.238172990269908041e+03
1.238172990269908041e+03
1.238422121043077823e+03
1.238422121043077823e+03
1.238422121043077823e+03
1.238422121043077823e+03
1.238422121043077823e+03
1.238422121043077823e+03
1.238422121043077823e+03
1.238422121043077823e+03
1.238422121043077823e+03
1.238422121043077823e+03
1.238422121043077823e+03
1.238422121043077823e+03
1.238422121043077823e+03
1.238422121043077823e+03
1.237194697409417358e+03
1.237194697409417358e+03
1.238488122719643343e+03
1.238488122719643343e+03
1.238488122719643343e+03
1.238488122719643343e+03
1.238488122719643343e+03
1.238488122719643343e+03
1.238488122719643343e+03
1.238488122719643343e+03
1.238488122719643343e+03
1.238488122719643343e+03
1.238488122719643343e+03
1.238488122719643343e+03
1.238488122719643343e+03
1.238488122719643343e+03
1.238488122719643343e+03
1.238488122719643343e+03
1.238488122719643343e+03
1.238488122719643343e+03
1.238488122719643343e+03
1.238488122719643343e+03
1.238488122719643343e+03
1.238459236561581292e+03
1.234532714750846935e+03
1.234664386333708990e+03
1.234664386333708990e+03
1.234664386333708990e+03
1.234664386333708990e+03
1.235734826943100416e+03
1.235734826943100416e+03
1.235734826943100416e+03
1.235811663087619308e+03
1.235811663087619308e+03
1.235811663087619308e+03
1.235811663087619308e+03
1.235811663087619308e+03
1.235811663087619308e+03
1.235811663087619308e+03
1.235811663087619308e+03
1.235811663087619308e+03
1.237155633111633961e+03
1.237155633111633961e+03
1.231011623804250348e+03
1.231011623804250348e+03
1.231011623804250348e+03
1.231011623804250348e+03
1.231011623804250348e+03
1.231011623804250348e+03
1.231011623804250348e+03
1.231011623804250348e+03
1.231011623804250348e+03
1.231011623804250348e+03
1.231011623804250348e+03
1.231011623804250348e+03
1.231011623804250348e+03
1.231011623804250348e+03
1.231011623804250348e+03
1.231011623804250348e+03
1.231011623804250348e+03
1.231011623804250348e+03
1.231011623804250348e+03
1.231011623804250348e+03
1.231011623804250348e+03
1.231011623804250348e+03
1.235793074701879505e+03
1.235793074701879505e+03
1.235473216443706860e+03
1.235473216443706860e+03
1.235473216443706860e+03
1.235473216443706860e+03
1.235473216443706860e+03
1.235473216443706860e+03
1.233567329964278770e+03
1.238822528414221551e+03
1.237815824392916738e+03
1.237815824392916738e+03
1.238142229223760523e+03
1.231779812503177936e+03
1.230427467439571956e+03
1.230427467439571956e+03
1.231496044565894181e+03
1.232921069008075619e+03
1.232921069008075619e+03
1.232921069008075619e+03
1.232921069008075619e+03
1.232921069008075619e+03
1.231755419140405365e+03
1.231755419140405365e+03
1.231755419140405365e+03
1.231755419140405365e+03
1.231755419140405365e+03
1.230035806799211969e+03
1.230035806799211969e+03
1.230035806799211969e+03
1.232753833419218836e+03
1.232753833419218836e+03
1.232753833419218836e+03
1.232753833419218836e+03
1.235563757091777006e+03
1.235563757091777006e+03
1.235563757091777006e+03
1.241766115153332976e+03
1.241766115153332976e+03
1.241766115153332976e+03
1.241766115153332976e+03
1.241766115153332976e+03
1.241766115153332976e+03
1.241766115153332976e+03
1.241766115153332976e+03
1.241766115153332976e+03
1.241766115153332976e+03
1.241766115153332976e+03
1.240345324049942519e+03
1.241513356214158421e+03
1.241513356214158421e+03
1.241513356214158421e+03
1.241513356214158421e+03
1.241513356214158421e+03
1.241513356214158421e+03
1.241513356214158421e+03
1.241513356214158421e+03
1.241513356214158421e+03
1.241513356214158421e+03
1.241513356214158421e+03
1.241677093137275278e+03
1.245095244552328040e+03
1.245095244552328040e+03
1.245095244552328040e+03
1.245095244552328040e+03
1.247297249845625629e+03
1.246984407761717648e+03
1.246406344885047929e+03
1.238544428488812173e+03
1.238544428488812173e+03
1.238544428488812173e+03
1.238544428488812173e+03
1.238544428488812173e+03
1.238544428488812173e+03
1.238544428488812173e+03
1.238544428488812173e+03
1.238544428488812173e+03
1.238544428488812173e+03
1.238544428488812173e+03
1.238544428488812173e+03
1.238544428488812173e+03
1.235768053760345992e+03
1.235768053760345992e+03
1.235768053760345992e+03
1.236094038641759653e+03
1.236094038641759653e+03
1.236094038641759653e+03
1.236094038641759653e+03
1.236094038641759653e+03
1.236094038641759653e+03
1.236094038641759653e+03
1.236094038641759653e+03
1.238929678732933553e+03
1.238929678732933553e+03
1.238929678732933553e+03
1.239429256175388218e+03
1.239429256175388218e+03
1.233765594746706938e+03
1.233765594746706938e+03
1.233765594746706938e+03
1.233765594746706938e+03
1.233765594746706938e+03
1.230268434661232959e+03
1.230268434661232959e+03
1.230268434661232959e+03
1.230268434661232959e+03
1.230268434661232959e+03
1.230268434661232959e+03
1.230268434661232959e+03
1.230268434661232959e+03
1.230268434661232959e+03
1.230268434661232959e+03
1.230268434661232959e+03
1.230268434661232959e+03
1.230268434661232959e+03
1.230268434661232959e+03
1.230186839236522246e+03
1.230186839236522246e+03
1.230186839236522246e+03
1.230186839236522246e+03
1.230013725193827668e+03
1.230013725193827668e+03
1.230013725193827668e+03
1.230013725193827668e+03
1.230013725193827668e+03
1.230013725193827668e+03
1.230013725193827668e+03
1.230464258107252590e+03
1.230464258107252590e+03
1.230464258107252590e+03
1.230464258107252590e+03
1.230464258107252590e+03
1.230464258107252590e+03
1.230464258107252590e+03
1.230464258107252590e+03
1.230464258107252590e+03
1.230464258107252590e+03
1.230464258107252590e+03
1.230588306130332057e+03
1.230588306130332057e+03
1.230588306130332057e+03
1.231553213692865938e+03
1.231553213692865938e+03
1.231553213692865938e+03
1.231553213692865938e+03
1.231553213692865938e+03
1.231553213692865938e+03
1.231553213692865938e+03
1.231553213692865938e+03
1.231553213692865938e+03
1.231553213692865938e+03
1.231553213692865938e+03
1.231553213692865938e+03
1.231553213692865938e+03
1.231553213692865938e+03
1.231553213692865938e+03
1.231553213692865938e+03
1.231553213692865938e+03
1.231553213692865938e+03
1.231553213692865938e+03
1.231553213692865938e+03
1.231553213692865938e+03
1.231553213692865938e+03
1.231553213692865938e+03
1.233845857318194021e+03
1.233845857318194021e+03
1.233845857318194021e+03
1.233845857318194021e+03
1.233845857318194021e+03
1.233633839961232070e+03
1.233633839961232070e+03
1.233633839961232070e+03
1.233633839961232070e+03
1.233633839961232070e+03
1.233633839961232070e+03
1.233633839961232070e+03
1.233633839961232070e+03
1.233633839961232070e+03
1.233633839961232070e+03
1.233633839961232070e+03
1.233633839961232070e+03
1.233973443410382970e+03
1.233973443410382970e+03
1.233973443410382970e+03
1.233973443410382970e+03
1.232723530483835702e+03
1.232723530483835702e+03
1.232723530483835702e+03
1.231584676751814641e+03
1.231584676751814641e+03
1.231584676751814641e+03
1.231584676751814641e+03
1.231584676751814641e+03
1.231584676751814641e+03
1.231584676751814641e+03
1.231584676751814641e+03
1.231584676751814641e+03
1.231584676751814641e+03
1.231584676751814641e+03
1.231584676751814641e+03
1.231584676751814641e+03
1.231584676751814641e+03
1.230254453132018625e+03
1.230254453132018625e+03
1.230254453132018625e+03
1.230254453132018625e+03
1.230254453132018625e+03
1.230254453132018625e+03
1.230254453132018625e+03
1.230254453132018625e+03
1.230254453132018625e+03
1.230254453132018625e+03
1.230254453132018625e+03
1.230254453132018625e+03
1.230254453132018625e+03
1.230254453132018625e+03
1.230254453132018625e+03
1.230254453132018625e+03
1.230254453132018625e+03
1.230254453132018625e+03
1.230254453132018625e+03
1.230254453132018625e+03
1.230254453132018625e+03
1.230254453132018625e+03
1.230254453132018625e+03
1.230254453132018625e+03
1.230254453132018625e+03
1.230254453132018625e+03
1.230254453132018625e+03
1.230254453132018625e+03
1.230254453132018625e+03
1.230254453132018625e+03
1.230254453132018625e+03
1.230254453132018625e+03
1.230254453132018625e+03
1.230254453132018625e+03
1.230254453132018625e+03
1.230254453132018625e+03
1.230254453132018625e+03
1.230254453132018625e+03
1.230254453132018625e+03
1.230254453132018625e+03
1.230254453132018625e+03
1.230254453132018625e+03
1.230254453132018625e+03
1.230254453132018625e+03
1.230254453132018625e+03
1.230254453132018625e+03
1.230254453132018625e+03
1.230254453132018625e+03
1.230254453132018625e+03
1.230254453132018625e+03
1.230254453132018625e+03
1.230254453132018625e+03
1.230254453132018625e+03
1.230254453132018625e+03
1.230254453132018625e+03
1.230254453132018625e+03
1.230254453132018625e+03
1.230254453132018625e+03
1.230254453132018625e+03
1.230254453132018625e+03
1.230254453132018625e+03
1.230254453132018625e+03
1.230254453132018625e+03
1.230254453132018625e+03
1.230254453132018625e+03
1.230254453132018625e+03
1.231009408239465984e+03
1.232225062904939250e+03
1.232225062904939250e+03
1.232225062904939250e+03
1.232225062904939250e+03
1.233852295936173050e+03
1.233852295936173050e+03
1.233852295936173050e+03
1.234154393427314517e+03
1.234154393427314517e+03
1.234154393427314517e+03
1.234154393427314517e+03
1.234154393427314517e+03
1.231945188317872862e+03
1.232029193469170195e+03
1.234331835501705200e+03
1.232933164950187802e+03
1.233011430235861326e+03
1.232940154357883785e+03
1.232940154357883785e+03
1.236294033694406153e+03
1.236532275613365073e+03
1.236532275613365073e+03
1.236532275613365073e+03
1.237173202467309238e+03
1.237173202467309238e+03
1.237173202467309238e+03
1.240006964229398363e+03
1.236355088860230808e+03
1.236355088860230808e+03
1.236355088860230808e+03
1.236355088860230808e+03
1.236355088860230808e+03
1.236355088860230808e+03
1.236355088860230808e+03
1.236075482718216335e+03
1.234202264666342899e+03
1.234202264666342899e+03
1.234202264666342899e+03
1.229846587018955915e+03
1.228730271306557597e+03
1.228730271306557597e+03
1.228730271306557597e+03
1.229190371672314313e+03
1.229190371672314313e+03
1.230905090173381950e+03
1.230905090173381950e+03
1.230905090173381950e+03
1.230905090173381950e+03
1.230905090173381950e+03
1.230905090173381950e+03
1.230905090173381950e+03
1.230905090173381950e+03
1.230905090173381950e+03
1.230905090173381950e+03
1.230905090173381950e+03
1.230905090173381950e+03
1.230957354932625094e+03
1.230957354932625094e+03
1.230957354932625094e+03
1.230957354932625094e+03
1.230957354932625094e+03
1.231194949374819544e+03
1.233266908361301830e+03
1.233266908361301830e+03
1.233266908361301830e+03
1.233266908361301830e+03
1.233266908361301830e+03
1.233266908361301830e+03
1.233266908361301830e+03
1.233266908361301830e+03
1.233266908361301830e+03
1.233266908361301830e+03
1.233679958587581723e+03
1.236478070728895091e+03
1.236478070728895091e+03
1.236478070728895091e+03
1.236234569407714844e+03
1.236529171845031669e+03
1.237602165919322488e+03
1.237602165919322488e+03
1.237913942457245867e+03
1.237913942457245867e+03
1.235422869283266891e+03
1.235422869283266891e+03
1.235422869283266891e+03
1.235206315574528617e+03
1.235206315574528617e+03
1.235206315574528617e+03
1.235206315574528617e+03
1.235206315574528617e+03
1.234365421865172266e+03
1.234365421865172266e+03
1.232410517182407148e+03
1.232290051680692159e+03
1.232290051680692159e+03
1.231636104812125950e+03
1.231636104812125950e+03
1.231636104812125950e+03
1.231636104812125950e+03
1.231636104812125950e+03
1.230509628692018396e+03
1.230509628692018396e+03
1.230509628692018396e+03
1.230509628692018396e+03
1.230541639328169595e+03
1.230541639328169595e+03
1.230541639328169595e+03
1.230541639328169595e+03
1.230541639328169595e+03
1.230541639328169595e+03
1.230541639328169595e+03
1.230541639328169595e+03
1.232322206090202599e+03
1.232322206090202599e+03
1.232322206090202599e+03
1.232322206090202599e+03
1.232322206090202599e+03
1.230846196102487283e+03
1.230846196102487283e+03
1.230846196102487283e+03
1.232328428005161186e+03
1.234265853904926644e+03
1.234265853904926644e+03
1.232196442763035066e+03
1.231065511192741724e+03
1.231065511192741724e+03
1.231065511192741724e+03
1.231065511192741724e+03
1.231065511192741724e+03
1.231065511192741724e+03
1.229640279678462775e+03
1.229395174902290819e+03
1.229370931003069018e+03
1.229370931003069018e+03
1.229370931003069018e+03
1.229370931003069018e+03
1.229370931003069018e+03
1.228330593309785854e+03
1.228756513690546853e+03
1.228756513690546853e+03
1.228756513690546853e+03
1.229698460446929175e+03
1.229698460446929175e+03
1.229314039934604352e+03
1.229314039934604352e+03
1.229314039934604352e+03
1.231273108158701234e+03
1.231273108158701234e+03
1.234218084226417204e+03
1.234218084226417204e+03
1.234218084226417204e+03
1.230530843685544824e+03
1.230530843685544824e+03
1.230530843685544824e+03
1.230530843685544824e+03
1.230530843685544824e+03
1.230530843685544824e+03
1.230530843685544824e+03
1.231093584276035017e+03
1.231093584276035017e+03
1.231516613534051430e+03
1.231516613534051430e+03
1.231353962376576192e+03
1.233883080954089110e+03
1.233883080954089110e+03
1.229276585596133827e+03
1.229276585596133827e+03
1.229276585596133827e+03
1.229276585596133827e+03
1.229276585596133827e+03
1.231172883922411756e+03
1.231172883922411756e+03
1.231172883922411756e+03
1.230797947441788438e+03
1.230797947441788438e+03
1.230797947441788438e+03
1.230286144253603197e+03
1.230286144253603197e+03
1.229466711313586529e+03
1.229466711313586529e+03
1.229466711313586529e+03
1.231530242790284319e+03
1.231530242790284319e+03
1.231530242790284319e+03
1.231530242790284319e+03
1.234038193566850168e+03
1.232526434818792495e+03
1.232526434818792495e+03
1.234316663108222656e+03
1.234316663108222656e+03
1.234316663108222656e+03
1.234316663108222656e+03
1.232124608968269740e+03
1.232124608968269740e+03
1.232124608968269740e+03
1.232124608968269740e+03
1.232124608968269740e+03
1.232124608968269740e+03
1.232124608968269740e+03
1.232124608968269740e+03
1.231045579665365040e+03
1.231262885949546217e+03
1.231262885949546217e+03
1.232692669976648858e+03
1.229106727175180140e+03
1.229106727175180140e+03
1.229618952559976606e+03
1.229618952559976606e+03
1.229618952559976606e+03
1.229618952559976606e+03
1.229618952559976606e+03
1.228577144702622263e+03
1.229309363869778736e+03
1.228417628191727545e+03
1.228417628191727545e+03
1.229374862362724571e+03
1.229374862362724571e+03
1.229374862362724571e+03
1.229374862362724571e+03
1.229150767717097779e+03
1.229150767717097779e+03
1.229150767717097779e+03
1.229152035857773171e+03
1.229499217426729729e+03
1.229499217426729729e+03
1.229499217426729729e+03
1.229499217426729729e+03
1.228536193066058331e+03
1.228536193066058331e+03
1.228536193066058331e+03
1.228536193066058331e+03
1.228717858181167230e+03
1.228717858181167230e+03
1.229463546557754853e+03
1.229463546557754853e+03
1.229463546557754853e+03
1.229463546557754853e+03
1.229609884499274585e+03
1.231475272328471419e+03
1.231475272328471419e+03
1.231475272328471419e+03
1.231475272328471419e+03
1.231475272328471419e+03
1.231307299012483327e+03
1.231307299012483327e+03
1.231007318659959765e+03
1.231007318659959765e+03
1.230664630544108604e+03
1.230664630544108604e+03
1.230664630544108604e+03
1.230664630544108604e+03
1.230617384884491457e+03
1.230617384884491457e+03
1.230617384884491457e+03
1.233374824666702580e+03
1.233374824666702580e+03
1.233374824666702580e+03
1.233374824666702580e+03
1.233374824666702580e+03
1.231742183462796675e+03
1.231742183462796675e+03
1.231742183462796675e+03
1.230721735732923662e+03
1.230721735732923662e+03
1.230721735732923662e+03
1.229311668505703437e+03
1.229311668505703437e+03
1.229311668505703437e+03
1.229311668505703437e+03
1.233328692971071632e+03
1.232904690089844280e+03
1.232914687853784471e+03
1.232914687853784471e+03
1.231023682046597969e+03
1.232024429890682768e+03
1.232024429890682768e+03
1.231275790891651468e+03
1.231275790891651468e+03
1.231275790891651468e+03
1.231275790891651468e+03
1.231264853035736905e+03
1.231521155451470804e+03
1.231521155451470804e+03
1.233039540234331980e+03
1.231284336340188929e+03
1.231284336340188929e+03
1.231284336340188929e+03
1.231284336340188929e+03
1.231284336340188929e+03
1.231284336340188929e+03
1.231284336340188929e+03
1.231284336340188929e+03
1.232650097508229237e+03
1.232650097508229237e+03
1.232650097508229237e+03
1.232650097508229237e+03
1.232650097508229237e+03
1.230751561470594652e+03
1.230751561470594652e+03
1.230751561470594652e+03
1.230751561470594652e+03
1.230751561470594652e+03
1.230751561470594652e+03
1.229578678970728561e+03
1.229736140276275137e+03
1.229736140276275137e+03
1.229736140276275137e+03
1.229948118684327255e+03
1.230235462806098894e+03
1.230235462806098894e+03
1.230235462806098894e+03
1.230235462806098894e+03
1.230235462806098894e+03
1.231600977577125832e+03
1.231600977577125832e+03
1.231600977577125832e+03
1.233581105038032092e+03
1.233581105038032092e+03
1.234293747689632482e+03
1.232336849385548248e+03
1.233244755143199654e+03
1.233244755143199654e+03
1.235027590588352723e+03
1.234935762908652123e+03
1.234935762908652123e+03
1.234935762908652123e+03
1.234935762908652123e+03
1.234935762908652123e+03
1.231554699815639651e+03
1.231554699815639651e+03
1.231554699815639651e+03
1.231554699815639651e+03
1.231340415786972244e+03
1.231340415786972244e+03
1.231340415786972244e+03
1.240732291117502200e+03
1.240732291117502200e+03
1.230862113730368037e+03
1.230862113730368037e+03
1.230862113730368037e+03
1.230862113730368037e+03
1.230862113730368037e+03
1.229042529754246061e+03
1.229176728440522766e+03
1.229176728440522766e+03
1.228390058764691048e+03
1.229180801255039114e+03
1.229180801255039114e+03
1.229180801255039114e+03
1.231252401613077836e+03
1.229072050257008186e+03
1.229072050257008186e+03
1.229072050257008186e+03
1.229072050257008186e+03
1.229072050257008186e+03
1.230054191831660091e+03
1.230283166390727956e+03
1.230283166390727956e+03
1.231144591631001731e+03
1.231144591631001731e+03
1.231144591631001731e+03
1.231466010092312445e+03
1.231466010092312445e+03
1.231466010092312445e+03
1.231466010092312445e+03
1.231342383352463230e+03
1.230420240229806950e+03
1.230420240229806950e+03
1.230420240229806950e+03
1.230144631956676903e+03
1.230144631956676903e+03
1.230144631956676903e+03
1.231497733663642975e+03
1.233216319692769503e+03
1.234484720896073213e+03
1.234484720896073213e+03
1.233153597631347111e+03
1.233153597631347111e+03
1.233153597631347111e+03
1.233153597631347111e+03
1.233153597631347111e+03
1.233618687937410414e+03
1.233618687937410414e+03
1.233618687937410414e+03
1.233618687937410414e+03
1.234455347229013569e+03
1.234455347229013569e+03
1.234455347229013569e+03
1.234994309353988228e+03
1.234994309353988228e+03
1.234994309353988228e+03
1.238775103639764438e+03
1.238775103639764438e+03
1.240213348187455722e+03
1.240213348187455722e+03
1.240536785250630146e+03
1.240536785250630146e+03
1.240536785250630146e+03
1.240536785250630146e+03
1.240536785250630146e+03
1.240536785250630146e+03
1.240536785250630146e+03
1.237042746433465254e+03
1.238228084215033732e+03
1.240208565282465997e+03
1.240208565282465997e+03
1.239896232887758060e+03
1.236177838321974605e+03
1.236177838321974605e+03
1.236177838321974605e+03
1.234734600966675998e+03
1.239482511082994279e+03
1.239482511082994279e+03
1.239482511082994279e+03
1.239482511082994279e+03
1.239482511082994279e+03
1.239482511082994279e+03
1.236963647942170610e+03
1.239253915167636023e+03
1.238918348449148652e+03
1.238352416343591585e+03
1.238352416343591585e+03
1.238352416343591585e+03
1.238352416343591585e+03
1.238759543701322400e+03
1.241356613228245124e+03
1.241356613228245124e+03
1.238534250215675911e+03
1.238534250215675911e+03
1.238534250215675911e+03
1.238450621935203571e+03
1.238450621935203571e+03
1.238450621935203571e+03
1.233264730314479493e+03
1.230408277665320838e+03
1.230408277665320838e+03
1.230408277665320838e+03
1.230408277665320838e+03
1.230408277665320838e+03
1.230408277665320838e+03
1.230408277665320838e+03
1.230408277665320838e+03
1.232006829010113051e+03
1.230370425993861090e+03
1.230370425993861090e+03
1.230370425993861090e+03
1.231737281423704189e+03
1.233430719418253375e+03
1.233430719418253375e+03
1.233430719418253375e+03
1.233998522837336850e+03
1.233998522837336850e+03
1.229575318379905411e+03
1.229575318379905411e+03
1.229575318379905411e+03
1.229575318379905411e+03
1.229575318379905411e+03
1.229575318379905411e+03
1.229575318379905411e+03
1.229575318379905411e+03
1.229575318379905411e+03
1.229575318379905411e+03
1.229575318379905411e+03
1.229575318379905411e+03
1.229575318379905411e+03
1.229575318379905411e+03
1.229575318379905411e+03
1.229575318379905411e+03
1.229575318379905411e+03
1.229589380774717483e+03
1.229589380774717483e+03
1.229589380774717483e+03
1.229589380774717483e+03
1.229579913651764855e+03
1.229579913651764855e+03
1.228776291822860003e+03
1.228776291822860003e+03
1.228776291822860003e+03
1.228776291822860003e+03
1.228776291822860003e+03
1.230009658410824613e+03
1.230009658410824613e+03
1.230009658410824613e+03
1.230009658410824613e+03
1.230009658410824613e+03
1.230009658410824613e+03
1.230009658410824613e+03
1.230009658410824613e+03
1.230009658410824613e+03
1.230009658410824613e+03
1.230009658410824613e+03
1.230009658410824613e+03
1.231554636334258248e+03
1.231554636334258248e+03
1.231554636334258248e+03
1.231554636334258248e+03
1.236726346112108786e+03
1.235387238000022080e+03
1.235387238000022080e+03
1.235387238000022080e+03
1.235387238000022080e+03
1.232510692202414020e+03
1.232839471213430443e+03
1.232839471213430443e+03
1.235542530993333912e+03
1.233883860350777013e+03
1.233883860350777013e+03
1.233883860350777013e+03
1.233883860350777013e+03
1.233883860350777013e+03
1.233883860350777013e+03
1.233795031394010493e+03
1.233795031394010493e+03
1.232552007883690749e+03
1.232552007883690749e+03
1.232552007883690749e+03
1.230105761467440971e+03
1.230105761467440971e+03
1.230105761467440971e+03
1.230105761467440971e+03
1.230105761467440971e+03
1.230105761467440971e+03
1.230105761467440971e+03
1.230105761467440971e+03
1.230105761467440971e+03
1.230105761467440971e+03
1.231142772822282495e+03
1.231142772822282495e+03
1.231143902601828813e+03
1.230784818418046143e+03
1.230784818418046143e+03
1.230804897519392398e+03
1.230804897519392398e+03
1.230804897519392398e+03
1.230804897519392398e+03
1.230804897519392398e+03
1.230804897519392398e+03
1.229434124364790478e+03
1.231814750075708616e+03
1.231814750075708616e+03
1.231814750075708616e+03
1.231100050275020976e+03
1.228938962698685373e+03
1.228938962698685373e+03
1.228938962698685373e+03
1.228938962698685373e+03
1.227871669604154931e+03
1.227871669604154931e+03
1.227871669604154931e+03
1.227871669604154931e+03
1.227871669604154931e+03
1.227871669604154931e+03
1.227871669604154931e+03
1.228723919940888209e+03
1.228723919940888209e+03
1.229598355631896538e+03
1.228851023687341922e+03
1.231055703852631268e+03
1.231055703852631268e+03
1.234869368290368584e+03
1.234869368290368584e+03
1.234869368290368584e+03
1.230565197689162687e+03
1.232280524986785622e+03
1.230307467603206078e+03
1.230307467603206078e+03
1.230307467603206078e+03
1.230307467603206078e+03
1.230307467603206078e+03
1.231621875095679570e+03
1.231621875095679570e+03
1.231621875095679570e+03
1.231621875095679570e+03
1.235025154706254852e+03
1.235492854179036158e+03
1.235492854179036158e+03
1.233376079677844928e+03
1.232918213085706157e+03
1.234286354123147930e+03
1.234286354123147930e+03
1.234046604033242602e+03
1.234046604033242602e+03
1.234046604033242602e+03
1.234046604033242602e+03
1.234046604033242602e+03
1.231547385421778927e+03
1.231529681305728900e+03
1.231376557384458010e+03
1.234731581072299832e+03
1.234731581072299832e+03
1.234731581072299832e+03
1.234731581072299832e+03
1.235264779504768512e+03
1.235264779504768512e+03
1.235264779504768512e+03
1.235264779504768512e+03
1.235264779504768512e+03
1.235264779504768512e+03
1.235264779504768512e+03
1.235264779504768512e+03
1.233874218496225694e+03
1.233874218496225694e+03
1.233874218496225694e+03
1.233874218496225694e+03
1.232916743204937575e+03
1.232916743204937575e+03
1.232916743204937575e+03
1.232916743204937575e+03
1.234120970828524605e+03
1.234120970828524605e+03
1.234120970828524605e+03
1.234120970828524605e+03
1.234120970828524605e+03
1.233633173190241223e+03
1.233633173190241223e+03
1.233633173190241223e+03
1.233633173190241223e+03
1.233633173190241223e+03
1.233633173190241223e+03
1.233633173190241223e+03
1.233633173190241223e+03
1.233633173190241223e+03
1.233633173190241223e+03
1.233633173190241223e+03
1.233633173190241223e+03
1.233633173190241223e+03
1.233633173190241223e+03
1.236542975356900570e+03
1.236542975356900570e+03
1.236542975356900570e+03
1.236542975356900570e+03
1.236542975356900570e+03
1.236542975356900570e+03
1.236542975356900570e+03
1.236542975356900570e+03
1.237397143573261701e+03
1.237397143573261701e+03
1.237397143573261701e+03
1.235629100562232225e+03
1.235629100562232225e+03
1.235373785247461910e+03
1.235373785247461910e+03
1.234355754386430363e+03
1.234355754386430363e+03
1.229826273311090517e+03
1.232141886902915303e+03
1.232141886902915303e+03
1.232141886902915303e+03
1.231124773014132188e+03
1.230328189432817908e+03
1.230328189432817908e+03
1.230675490082558554e+03
1.230675490082558554e+03
1.230675490082558554e+03
1.230675490082558554e+03
1.230675490082558554e+03
1.230675490082558554e+03
1.231072721087464288e+03
1.231072721087464288e+03
1.231072721087464288e+03
1.231072721087464288e+03
1.231690754320313772e+03
1.234832968951703151e+03
1.233376381871126796e+03
1.233376381871126796e+03
1.234628058022475216e+03
1.234628058022475216e+03
1.234280294984649572e+03
1.232241948412868851e+03
1.232241948412868851e+03
1.235304062128589521e+03
1.234256469546455264e+03
1.235682590895806243e+03
1.235682590895806243e+03
1.234563329782774417e+03
1.234563329782774417e+03
1.233159913466529133e+03
1.233159913466529133e+03
1.233159913466529133e+03
1.236617445517376837e+03
1.235090294088884548e+03
1.233266593989234025e+03
1.233266593989234025e+03
1.233266593989234025e+03
1.233266593989234025e+03
1.230829318489911657e+03
1.228554577106928946e+03
1.228554577106928946e+03
1.228554577106928946e+03
1.228554577106928946e+03
1.228554577106928946e+03
1.228554577106928946e+03
1.228554577106928946e+03
1.229809959532432458e+03
1.229809959532432458e+03
1.229809959532432458e+03
1.229809959532432458e+03
1.229809959532432458e+03
1.229809959532432458e+03
1.229809959532432458e+03
1.229809959532432458e+03
1.229809959532432458e+03
1.229809959532432458e+03
1.229809959532432458e+03
1.230592455617354290e+03
1.228419107657318364e+03
1.228419107657318364e+03
1.228419107657318364e+03
1.228419107657318364e+03
1.228835841162853740e+03
1.228835841162853740e+03
1.228835841162853740e+03
1.228835841162853740e+03
1.228835841162853740e+03
1.228835841162853740e+03
1.228835841162853740e+03
1.228835841162853740e+03
1.228835841162853740e+03
1.228835841162853740e+03
1.228835841162853740e+03
1.228835841162853740e+03
1.228835841162853740e+03
1.228835841162853740e+03
1.228835841162853740e+03
1.228835841162853740e+03
1.228835841162853740e+03
1.228835841162853740e+03
1.231568452434679784e+03
1.231568452434679784e+03
1.228304262002613086e+03
1.228304262002613086e+03
1.228304262002613086e+03
1.228304262002613086e+03
1.228304262002613086e+03
1.228304262002613086e+03
1.228304262002613086e+03
1.228304262002613086e+03
1.231364249136703393e+03
1.231364249136703393e+03
1.231364249136703393e+03
1.231364249136703393e+03
1.231364249136703393e+03
1.231364249136703393e+03
1.231364249136703393e+03
1.231364249136703393e+03
1.230822537503383501e+03
1.232188711563414245e+03
1.233506029639206190e+03
1.233506029639206190e+03
1.232234039478585601e+03
1.232234039478585601e+03
1.232234039478585601e+03
1.232234039478585601e+03
1.232234039478585601e+03
1.232379988345588117e+03
1.231197579702023404e+03
1.233037737468777777e+03
1.232638983683490551e+03
1.231690589376260277e+03
1.231690589376260277e+03
1.231690589376260277e+03
1.232606941085786730e+03
1.232606941085786730e+03
1.233055923343335508e+03
1.233055923343335508e+03
1.233055923343335508e+03
1.232317597918397496e+03
1.232317597918397496e+03
1.234938584600267404e+03
1.234938584600267404e+03
1.234938584600267404e+03
1.234938584600267404e+03
1.234938584600267404e+03
1.235669251675661599e+03
1.235669251675661599e+03
1.234596641274757303e+03
1.234596641274757303e+03
1.231546773026367646e+03
1.229977483976025269e+03
1.229977483976025269e+03
1.229977483976025269e+03
1.229977483976025269e+03
1.229977483976025269e+03
1.229977483976025269e+03
1.229977483976025269e+03
1.229977483976025269e+03
1.229977483976025269e+03
1.229134213427920940e+03
1.229012852288064778e+03
1.229663530178234168e+03
1.229663530178234168e+03
1.229663530178234168e+03
1.229663530178234168e+03
1.229663530178234168e+03
1.229663530178234168e+03
1.229014112972714202e+03
1.229288601748082783e+03
1.230083914562490008e+03
1.230083914562490008e+03
1.230083914562490008e+03
1.230083914562490008e+03
1.230083914562490008e+03
1.230083914562490008e+03
1.230083914562490008e+03
1.230083914562490008e+03
1.230071485324059267e+03
1.230071485324059267e+03
1.230071485324059267e+03
1.230071485324059267e+03
1.230071485324059267e+03
1.230071485324059267e+03
1.230071485324059267e+03
1.230623406396298606e+03
1.231558613970667921e+03
1.231558613970667921e+03
1.231558613970667921e+03
1.232614358899157878e+03
1.234553029568198099e+03
1.234553029568198099e+03
1.234553029568198099e+03
1.234553029568198099e+03
1.234553029568198099e+03
1.234553029568198099e+03
1.234553029568198099e+03
1.234553029568198099e+03
1.234553029568198099e+03
1.234553029568198099e+03
1.234553029568198099e+03
1.234179809996096537e+03
1.233541015578064162e+03
1.233541015578064162e+03
1.233219563428358470e+03
1.233219563428358470e+03
1.233219563428358470e+03
1.233219563428358470e+03
1.233219563428358470e+03
1.232865707259008104e+03
1.232865707259008104e+03
1.232290862412937713e+03
1.232290862412937713e+03
1.230895826358256272e+03
1.230895826358256272e+03
1.230895826358256272e+03
1.230895826358256272e+03
1.230895826358256272e+03
1.230895826358256272e+03
1.230895826358256272e+03
1.230895826358256272e+03
1.230895826358256272e+03
1.230895826358256272e+03
1.230895826358256272e+03
1.230895826358256272e+03
1.230895826358256272e+03
1.230895826358256272e+03
1.230895826358256272e+03
1.230895826358256272e+03
1.230895826358256272e+03
1.230028527012461836e+03
1.230028527012461836e+03
1.230028527012461836e+03
1.230028527012461836e+03
1.229366113657180904e+03
1.229366113657180904e+03
1.229366113657180904e+03
1.229366113657180904e+03
1.229649654885880864e+03
1.229649654885880864e+03
1.230420372331805311e+03
1.230608577270470050e+03
1.230608577270470050e+03
1.230608577270470050e+03
1.230470672910982557e+03
1.230470672910982557e+03
1.230470672910982557e+03
1.230470672910982557e+03
1.230508407402342755e+03
1.230508407402342755e+03
1.230508407402342755e+03
1.230508407402342755e+03
1.230508407402342755e+03
1.230508407402342755e+03
1.230508407402342755e+03
1.230508407402342755e+03
1.230508407402342755e+03
1.231193758529095703e+03
1.231193758529095703e+03
1.231193758529095703e+03
1.230301083644473692e+03
1.230301083644473692e+03
1.230301083644473692e+03
1.230301083644473692e+03
1.230301083644473692e+03
1.230301083644473692e+03
1.230301083644473692e+03
1.230171894421668412e+03
1.230171894421668412e+03
1.230171894421668412e+03
1.230171894421668412e+03
1.229386673520695240e+03
1.229386673520695240e+03
1.229386673520695240e+03
1.229705350202812951e+03
1.229705350202812951e+03
1.229705350202812951e+03
1.230362805236992017e+03
1.230362805236992017e+03
1.229689412795649559e+03
1.230008105176571917e+03
1.230596271743007037e+03
1.235993647831591261e+03
1.235993647831591261e+03
1.235993647831591261e+03
1.236379840348314701e+03
